22528
21219
17557
30491
31911
14561
28936
18368
13563
3153
4011
30267
2720
26461
27860
3352
20290
16658
7981
5353
17273
2227
1464
10810
9455
2899
26385
12231
26564
22434
5620
28908
7985
5128
16126
18524
22892
314720000
17336
7958
29388
29031
18129
22421
9262
27621
19883
31047
20631
5482
6938
12353
22043
27853
10088
30001
26109
19537
22940
29076
10263
3962
26107
29737
11644
19231
30160
2469
30301
19391
31849
3496
3881
19993
23906
18416
2296
9718
18470
27085
20778
18250
27826
32724
11339
25979
28060
11224
22586
7425
13140
15126
6539
23343
1195
27824
14377
30800
2193
318370000
12096
14326
5411
17758
5210
9103
28645
4532
31176
29497
25419
27024
20547
30936
19839
30475
3027
16741
3166
21015
4080
24713
27331
18613
9959
6762
29449
30569
2176
24517
19147
17899
13278
20541
31726
7200
8358
14066
20194
25416
2916
13654
6692
10105
24874
4156
11016
27980
3706
21298
11189
4054
13669
15889
10865
15066
3829
12498
9759
21820
31689
2467
17413
28601
2047
10554
4819
3030
26199
4458
32481
20246
9876
20980
23481
30320
110460000
14239
9941
7680
8711
29067
26538
12541
1251
8386
20709
5611
25723
1552
1780
27410
843
16917
12232
26414
874
23448
12249
12904
11187
30
14443
19333
2082
12987
2832
19806
27008
23849
5743
10384
2115
30487
20547
9588
20144
14275
28839
16978
3650
1483
29328
16849
9295
6465
32155
32178
20969
1021
7433
20926
19203
5175
26631
13053
16596
17749
32563
182170000
27521
13057
861
4194
22262
17023
27018
291
30484
30269
20543
3189
18194
8108
14844
1635
30749
25423
20742
26797
29506
17170
6249
20417
12942
8924
11838
17382
13684
31591
810
8891
5230
12112
11047
15584
30695
13930
111430000
31731
30297
4952
27190
9406
7603
18267
8767
2478
11261
14440
401
16775
15166
15742
21508
13911
25758
17718
24471
8361
7880
19100
22011
17146
23442
3133
32598
31089
10464
14721
577
29130
22725
2619
27922
8084
29932
29823
25697
16540
311
29876
6853
1449
20901
7145
30175
13161
30585
22637
1178
20396
2457
11417
10928
11984
19508
18417
9585
30076
31655
13932
19904
25234
16034
6671
15198
30046
902
8896
11627
17428
19730
14426
23593
5753
12863
2813
6148
6368
5480
32168
22991
15192
22190
79450000
10321
4388
1435
9363
30464
17515
22022
7122
25100
29233
23606
17915
27551
646
21578
20936
7780
20733
30935
26498
14662
14688
11476
15199
18554
23714
31923
6671
20415
12821
15057
9106
27108
14557
15120
10316
395
23973
29122
23643
1838
26769
31178
21800
18527
1907
17917
1340
19540
18497
463
10838
22946
6087
25899
25018
2377
62970000
32674
22219
2801
26188
16072
16348
32371
6373
13275
7492
1691
7314
23718
28336
31021
12696
29605
21182
20517
10381
2922
17607
16451
11975
31039
27899
6343
16148
21261
14004
20602
2731
1149
8452
25581
28259
16220
32144
26885
18467
19268
4514
31671
16538
30841
19833
26641
23856
14865
3556
13690
28220
11096
7183
30522
11639
1138
24476
1597
8369
16962
30453
2067
5314
1419
10721
26428
17604
27989
27222
8355
383
28819
22415
2664
27941
31490
30557
30690
8000
20820
6594
24293
17640
142
6844
25152
4409
23727
30303
25994
4612
21138
25382
3615
15557
4373
26251
21861
18389
19835
6101
4180
9185
9999
1330
4149
10651
28170
28421
16553
20399
20919
19841
26350
31993
14805
216230000
26206
19189
20285
26988
11832
19575
30661
16367
13475
11420
18787
4138
8944
14848
14486
7094
5920
12849
1537
29876
7846
24932
12121
15129
20078
27239
26498
17481
7197
19159
23029
24808
23707
28563
15717
13548
3023
28016
31138
22007
16809
12847
25789
9189
30822
16812
23405
4000
2063
21335
14513
17468
31555
25576
28855
26176
8503
3919
21245
23873
251
18154
14262
23478
4607
14331
7279
6407
24021
30297
29682
29159
28472
16230
11627
25316
12878
26944
14025
4412
10794
210520000
32359
22003
8085
25744
14316
32546
11534
591
26736
15250
19471
28059
32224
25737
18322
278
30115
6628
14292
19609
22141
25702
27481
27177
436
21072
24880
7974
8050
16946
14456
7622
10859
20480
14627
31426
24255
6248
23034
11087
4130
18019
26593
8016
11066
7947
12893
19402
26184
32684
24915
14744
25867
541
22547
27744
21474
15185
18836
13765
15920
18473
25089
18654
9220
7308
10613
8679
4858
18618
1028
5687
18012
10461
29434
8306
4749
13026
31591
15616
8104
22150
21979
27326
14180
9140
19310
9203
10811
11022
25603
25477
4043
19658
18894
2669
26236
27071
1556
146960000
22115
10943
31538
29423
7014
21032
16353
6506
23201
19382
16312
7585
26377
28315
17651
29043
14671
9682
20338
4810
7944
29360
23813
17102
25866
32188
1766
15705
281
10688
6279
1195
32451
23840
910
5472
13192
30059
21790
5791
32318
6448
4185
23187
5556
23571
4643
17183
10902
26911
25128
24269
24720
10078
5408
21000
25270
3239
9298
24716
5924
4792
24150
11034
13793
645
21792
30064
18186
2511
27962
2168
19500
20215
29265
1216
6385
30485
21747
14634
7935
21061
30103
20965
12573
8769
8414
29595
407
12085
8472
5868
24548
7886
2314
14364
31111
16788
7151
12040
8755
19067
30396
17247
26418
9396
24232
20750
29192
23497
22764
4348
32339
18921
28615
23032
26357
129
18630
28144
3701
7948
28738
10083
9891
3115
32298
6936
7035
17656
30723
529
9548
13975
5164
32699
17946
22031
16999
6247
13888
27224
7573
27645
1113
15542
10945
2287
27745
9029
2400
27501
10776
6612
30935
31960
19111
23798
22334
10104
16774
15191
32100
21105
17565
4429
7187
23027
13226
8879
32405
22450
3810
18154
22134
20374
16603
6993
29836
5299
16297
12213
4917
31355
18760
24886
5600
9778
16186
22360
25039
5283
25968
22362
13339
10258
2158
25027
6392
21105
20139
20029
26682
12247
14646
22950
27416
9517
6047
23141
3888
22315
29461
3834
19148
3459
13516
15065
5732
22107
2978
1401
8036
32257
21761
20392
6190
11994
3335
29473
18787
19868
2532
8288
18527
26045
1668
20149
30466
14892
16495
29336
12470
20030
11501
28220
18605
31467
2413
28775
15723
25658
19239
13696
17797
25338
12801
24298
6568
14003
687
21648
8156
5084
11295
25793
23562
25166
23572
5695
18876
16377
18193
24722
805
7126
10104
16034
22881
32028
14323
20357
16894
19127
11539
31126
15802
9974
29239
17351
7310
13188
11696
22840
17132
20889
20514
27400
21574
12913
13101
25707
26319
19454
2893
9468
9349
1498
12543
13653
32111
12927
1318
10717
20259
10426
29868
10210
9612
4445
24428
16616
30954
15669
26192
6208
3354
5947
25782
1756
22040
1806
6425
12641
1474
22433
16621
17534
9951
30257
11210
19325
26975
7547
2509
21783
996
16683
31036
23181
20098
19863
5992
7412
31427
4013
6360
27856
3311
22826
11427
4069
31370
13582
12062
14666
4637
16460
28599
18367
4154
31429
3617
15936
1466
9335
12978
10971
29513
31474
9737
28606
15909
27404
3059
8852
25122
2774
17808
30226
1266
28623
16049
25036
20131
13655
10885
31822
11113
18278
29557
15208
23198
17789
25164
3785
28423
4573
16539
2255
9305
24824
31324
2462
11771
23845
725
8304
25358
12951
191
5932
27563
6032
1448
23609
21355
9426
21654
16020
9517
4695
31725
12320
29715
11329
18066
574
30158
5140
18513
20638
4636
8739
2428
3669
2958
31560
5589
26927
9615
11992
29358
30534
27554
28886
16463
25299
32235
17511
2712
2117
1777
10886
3304
14992
16034
10489
27965
8648
7832
15748
12956
26606
11162
4444
31411
10250
30822
222
12989
21369
17837
19329
22438
393
25440
10
367
23875
14122
30975
15829
9608
3134
32093
32301
29536
4178
22925
7315
14990
8683
1173
15427
14440
21468
9612
2375
17637
18953
3408
6995
14840
21361
30843
32749
25884
25964
11666
12240
14128
23600
19328
29587
9862
9370
23619
31622
30519
13100
32742
11997
23993
27730
17327
30224
12211
25065
31129
1153
5903
2561
9220
25952
31569
21218
18860
20427
5416
14414
17880
1594
24643
15878
26836
17691
24422
29584
31904
1209
26301
25910
490
4706
24688
7762
14650
17609
16247
8393
19565
20393
5296
30166
11364
31403
31279
15369
30461
16266
18645
22159
31042
4981
19492
8627
8673
24501
26705
20645
30685
28047
26267
22650
27010
18796
23516
3189
1950
24887
23902
20357
238
25095
30703
32526
29143
6398
7480
31468
23638
23409
31562
28342
23610
14920
29306
16447
27537
1192
7535
18275
19296
24016
8057
13056
25751
27201
11556
16194
13635
22562
782
8484
7686
18146
16117
19251
9156
21023
20244
28565
31136
17351
27568
25419
26407
12669
20206
18099
24266
2366
7911
5969
22674
20804
15870
3790
17679
7978
30066
29505
11410
2642
11823
15534
20124
7556
11242
13260
21909
3031
32364
28172
29377
11477
7470
19158
30321
986
24871
22038
14454
22205
20706
13303
25819
6066
29395
31214
212
9839
6635
6395
15345
11406
24682
15660
24983
6451
17653
18018
32433
32750
7656
15959
4003
24291
22253
28640
19071
4136
11470
880
22908
27246
23431
17630
6564
21732
29344
30312
12748
21080
17337
21751
5577
18335
8039
12709
18913
312
21566
17532
31360
15404
9263
7296
15404
13880
9237
20720
1979
2350
14730
22474
18116
21913
11007
9613
1107
160
30220
31298
5601
2349
24580
32701
20611
14414
29901
7457
7777
12507
26606
9122
2154
8793
3050
14479
2118
8990
21453
8335
13964
30134
4868
20523
10550
15750
28529
25996
5714
26287
14783
28550
3834
17717
8179
9686
26245
12129
28228
30376
6655
5987
21037
3421
19415
26684
21440
13962
10200
10715
31037
17732
17242
12422
18659
23963
19898
23420
7430
18532
9479
9945
32354
13372
8958
5305
30895
1993
13881
12704
7542
10563
7075
14362
10530
24371
19503
6046
32346
11899
29386
25272
27534
22935
32398
26728
28368
25890
9528
31941
27622
17820
27100
13541
2205
6762
31703
6657
9056
6686
518
6101
6152
5113
9781
10822
18166
10926
29914
3655
4703
11369
25860
31229
17896
11280
7310
8225
7283
16329
17560
679
22584
2236
567
22685
8471
26650
26476
2901
7468
1374
28755
3782
30629
2515
24733
6448
18896
13654
5440
32255
6776
12381
7789
12274
26482
16184
13763
11900
28019
14999
25794
25195
8741
29005
28546
11719
5241
22355
22437
13053
10046
9744
2954
5948
23027
20951
5571
17440
5081
30898
24778
27790
9549
11870
25327
22751
29525
18838
18069
15936
377
5781
25246
9560
19924
4822
5924
9260
13162
5662
25194
28480
18108
3260
16914
1535
24730
9999
13456
32349
19257
8778
28382
13243
17797
3700
6769
23819
20664
13747
12141
20020
31788
2249
16149
26808
9069
13535
17029
32660
21139
18050
16803
12904
17615
32235
26195
983
12611
14467
20458
12081
23063
5030
15078
335
4553
11431
20700
14527
10948
8725
13489
12578
1333
14909
7949
24017
12058
21232
7949
22471
19099
32391
21304
699
11934
29219
11957
3468
30102
10554
7867
20962
28315
25167
9288
22291
9408
22784
13846
31811
28833
24902
32459
3536
18491
18425
19311
18925
16641
7314
15908
6284
30764
18485
6417
31362
21842
5615
13728
29669
23354
4156
31721
30137
31471
22476
28270
2764
7443
22406
7688
19423
21878
31182
6689
24326
29927
17155
12580
1618
27978
30028
5426
428
15339
8597
14615
18436
19986
18900
31100
23468
5080
30865
26205
15870
13624
29093
16574
17989
7529
24642
154
24539
20587
9779
30493
29582
16097
12389
24851
72
3102
29863
32159
9968
31362
31918
32048
11659
29191
8796
23729
15783
21783
24898
256
25081
6049
24931
9890
1861
19563
7994
31157
1150
7338
21759
27173
28207
24016
2343
4131
14617
14757
26154
13523
28701
7321
16264
21317
349
24152
26638
9639
26271
22688
15701
4793
11506
24655
3213
3969
8083
21697
13432
18751
6673
14680
10425
11171
17840
3420
14927
5950
17931
22022
18781
23607
6398
3799
17452
19775
11715
29742
6002
32454
30555
23578
29653
1647
32304
4461
3243
20162
13560
25874
13316
21282
5340
27040
30698
22526
17626
3374
9447
29515
20584
1386
20936
31025
12634
16869
22689
8452
12549
22705
24849
30327
25765
8494
24519
27404
18684
28961
12101
7119
16700
12294
9700
8004
32039
13480
19737
28574
2677
8430
7670
17713
5494
12280
26356
29994
7416
10858
16111
10366
7531
29960
10610
32544
30531
28036
20533
29559
5278
2451
30180
4623
4647
27718
1570
22927
28474
26008
26318
22251
2377
4164
28293
20954
26238
473
9320
7563
5025
16655
11551
24979
6461
30300
2334
28459
19454
2755
2086
30360
31838
10477
5647
12522
18816
21626
17606
20969
7004
2969
14226
22093
2077
9942
21403
557
10439
27444
22956
9146
8477
636
19768
28205
24258
19924
19611
254
21406
18067
16035
28503
12163
24916
31055
23496
23825
10058
17878
31804
17879
31187
26091
6700
8634
13391
32320
25362
21915
8242
2633
7457
9524
28504
15682
5171
15427
12441
29811
21251
21227
29342
7859
31900
29015
2290
15659
23057
5792
10076
24924
28783
18161
18285
19556
13040
17641
3157
4988
9585
31296
6395
28102
806
21422
3148
3910
15757
5128
6098
13613
26528
25261
25737
18270
24911
6432
14831
13099
22317
5110
7003
25439
27242
2803
20367
31106
5377
13424
1680
11352
7730
14335
4534
28587
13107
13394
25087
18762
30755
23641
16552
30546
9535
28587
30207
19372
1112
4647
21107
24791
25221
18139
19949
3048
18965
4645
12643
12239
6343
1815
32426
21979
17982
17440
2699
12161
28335
8937
32026
25945
30173
8062
11331
22377
22087
15022
1190
12966
28831
23476
29861
32696
28543
29975
3514
3838
4952
28878
20494
26066
31403
10152
21576
4366
14971
26603
18339
206
23298
20283
28228
20856
3235
31678
8138
9722
10528
22654
29222
30547
21773
2319
1709
32085
21892
14449
11627
5289
28187
20279
21179
17939
23315
21737
27413
21239
15314
168
20774
27421
403
15632
18982
28593
13917
9059
9318
26510
12337
12771
9256
2236
1160
16767
12980
31542
20477
32434
936
14577
9798
27049
9360
12059
15976
8612
10934
1184
12075
32670
29500
10739
20428
17456
10599
5643
4339
23731
1854
21676
25060
933
1108
18919
30201
16461
26338
20196
32336
2466
27416
3039
11201
4202
29877
13169
3347
29855
32470
785
7535
27158
15883
11482
5908
4195
10416
3727
24141
503
22907
23004
6304
24203
81
4574
17481
21698
21854
486
25575
28425
16996
4474
4724
10178
13907
6557
4986
2211
22299
8017
13188
22872
1470
5977
3283
8560
26793
5955
1107
374
28740
6054
4814
10078
2504
11177
11870
25124
29777
20932
26664
6319
27700
16843
4679
10235
8338
23592
519
27767
10029
7783
16980
31404
25211
16633
19058
19232
3577
25137
3310
23930
25794
25235
29396
5862
5728
22094
5922
24507
32226
12295
22141
17500
20270
2264
1827
7516
11929
10649
27937
741
26293
14686
16070
3930
12394
13632
19799
13627
16713
5473
9732
11337
5148
17194
16155
14827
8130
17623
1404
22737
28730
16950
24141
983
22013
18091
28910
10284
8081
25720
19759
691
4443
7483
16833
27817
4021
13240
30443
23433
12096
19161
8574
6188
8059
30195
25099
28981
9109
7755
9299
27820
3456
25049
4863
15593
28487
20300
29586
31924
30369
9038
32411
30378
9926
27400
2095
31715
25729
12265
3222
3537
2183
4259
30021
24427
27655
27511
10764
29067
9090
32179
17041
20117
23517
7289
27645
10586
3509
27329
22261
25404
31474
12449
16844
15762
10911
14285
29431
14926
22265
20826
14273
28637
453
26823
15168
21582
8935
18493
18823
17335
9521
29206
21277
17876
9593
13213
17582
22258
10222
21780
1793
14347
14252
2812
15146
2611
9357
3216
1793
14642
21314
29587
1490
31091
21411
18763
12630
23837
12612
25806
22242
17535
12873
32380
27871
11697
30843
7373
23674
10104
14491
15949
5020
27499
31734
25828
29469
25428
8249
26203
27957
7641
2439
9756
26675
30300
15049
7225
14705
29727
18501
19888
19591
9388
22643
6638
19135
30068
9995
401
22217
20662
15971
19058
12464
418
23288
9443
22029
9151
11594
13877
29307
8586
28142
11390
13386
1632
30686
16280
22904
10141
23827
17261
2268
26886
10582
12146
19365
8292
18259
16242
15107
23666
15343
4493
13860
4857
11227
25984
13410
31290
24425
24871
1979
4492
14495
32320
9089
7494
20363
1393
15186
6623
10453
14989
20043
27220
15003
7699
29305
17866
13176
26615
29840
10357
14310
8101
8160
19384
2503
30020
17028
27022
20030
16439
16861
20264
26051
18154
21311
728
2679
13259
11497
301
10420
23446
17211
21856
9705
14550
26147
4334
2469
16553
21209
26247
15601
29891
3532
27687
21475
22197
6364
18563
5488
8303
22985
20390
13698
26116
17643
21212
30026
1198
8228
10191
7640
786
29204
10992
2281
18117
29067
16664
11264
17166
2372
7279
22968
1262
17360
18574
11608
16477
13264
16864
21672
17111
11367
7246
11267
28439
24047
32027
24750
9763
10987
27660
3432
16776
18749
16333
1346
743
922
10640
16561
7344
12090
9207
8418
14382
10708
18740
32077
7364
29641
21615
12173
23670
15008
21095
4463
10666
26546
17757
8521
14896
1830
16430
16525
23425
6944
15551
16541
7236
12086
12701
12769
12055
16420
10981
10520
27275
19392
27234
28395
2672
7472
21238
19912
5716
10586
9019
29165
4422
3996
17257
4035
22240
4797
10875
17518
18820
7716
7821
25762
13797
11080
21641
11704
4041
7016
13058
3329
27662
22908
15456
29018
23531
22635
25662
23296
3449
16766
21520
7590
21874
26389
25353
2245
1592
20377
17724
27188
14361
27825
13825
7928
26321
21177
8602
9821
2128
1136
4630
27462
190
9968
25462
14273
6077
12772
783
1758
21230
28661
15919
10434
22966
25477
25603
27895
17986
25504
16056
18182
1992
1327
10209
8520
14864
9327
15385
20985
5684
8866
29161
26254
24740
11269
6124
14664
30828
6657
32304
1290
27578
17829
20192
27496
13722
24148
23072
8448
2309
6331
22841
13325
19738
18950
27894
8505
11947
17236
23374
10931
27387
360
20546
9602
14278
1185
9737
12569
27778
25900
30827
3371
20709
30584
1899
448
13479
5354
11560
3465
13449
23763
27397
20080
20630
415
21000
22644
14249
30287
19072
28340
27695
4137
32491
21193
9774
28845
28182
7769
5767
19404
26758
23273
28536
24149
32023
19443
22116
10416
6371
7993
8919
16846
24165
30552
3781
22112
30687
1184
15378
10311
26872
8227
13143
8780
9130
7436
16356
21522
25691
17459
19713
27208
6474
11758
10362
30499
22829
28201
20058
7948
11545
18105
8694
32150
12705
21485
14381
22194
21314
26470
5871
26662
10751
1321
3580
28475
14408
14067
3310
14006
4384
10701
6778
16650
10623
18911
20723
25292
22773
20617
1039
24935
19857
30896
29678
27153
30465
19798
12632
29950
11514
18030
5959
26835
5339
10222
32165
4701
2701
22309
2390
17539
4269
6735
15737
13433
3053
30311
12779
26167
19895
7996
4877
15658
12820
11719
20168
1321
21709
4284
4814
1962
8656
27487
34
310
17620
22169
14298
2842
15424
14411
9508
19808
4937
9442
10375
3325
1883
32556
2155
27212
7355
19050
19164
25531
26218
25254
23691
28869
1356
3910
10517
18720
8841
9186
2184
11319
26932
9043
9764
15578
17195
6412
17502
17716
23870
7342
555
30462
13971
13270
1402
31731
16200
1593
12034
27268
19035
6132
15167
29388
22215
32285
29879
22470
29680
16798
23426
2238
17729
25667
26121
28421
26900
15377
16142
17385
18130
6362
9453
740
2139
26638
20001
19476
17064
19156
30473
19179
4527
21081
31980
29992
11142
22120
10812
13830
11980
6716
6167
22963
12357
13202
18707
19715
19396
26626
24891
1382
15438
29838
8021
9496
16252
29564
31591
12183
18465
21601
3705
25178
17453
6783
10139
1472
31185
21840
12842
19015
16356
1891
20816
1534
5510
28519
21706
26173
23811
26502
27374
27027
15866
20212
13292
13824
29374
12743
6740
8036
1276
8969
5336
29240
15774
32011
13652
22140
19440
31741
10507
24304
26625
26300
3635
6279
29773
14827
17077
11801
25240
2373
4142
29784
24605
2865
22841
29189
3304
663
11248
14436
17025
31475
23984
8173
11722
2728
5149
15684
16426
3990
24422
8811
15339
6638
18891
16439
24545
31045
92
31744
30285
8168
30979
19869
19200
20592
14788
31119
19652
18838
9540
15229
24055
25672
28808
29921
6265
22524
9728
13312
2249
6468
22980
10015
9322
1698
29469
20468
32652
22430
12103
2907
1512
535
16757
16714
15084
2519
13334
20743
17688
28266
28503
3480
18600
11055
2281
24188
21875
32175
16644
22680
27667
26158
20652
25460
24134
5760
27955
16039
3732
17182
9471
31632
21298
2681
31117
16199
39
26254
23222
24787
23725
23739
26417
14238
2010
24529
5722
11814
4223
6250
12081
27892
17489
1917
12454
12754
31302
14127
3860
10041
23618
28140
27403
20489
29683
6071
9554
23420
32505
22974
29740
30045
20043
1074
24027
26229
13526
22101
15459
6471
18791
18645
11920
22269
32714
21080
6714
20641
23860
23128
9160
18576
19422
20017
16115
28716
20979
3192
15565
19922
12204
6799
31489
16140
10425
22646
6236
27399
31972
9956
21132
14663
21489
13207
28968
8345
8392
24552
25073
25161
16342
30114
27224
1430
21680
7700
4672
10083
11001
20325
11268
29231
7815
9256
7612
21063
20161
20784
20412
14906
8523
11686
25694
2958
22502
344
7426
30641
15761
3412
4178
27954
12020
694
5579
25905
511
23486
2681
9493
4303
19238
21249
18557
27601
13746
16101
10104
30505
27144
12548
27896
30549
2754
12640
29060
20749
24258
19492
11822
110
31685
25062
23493
2904
32571
19753
4683
29461
18775
294
31913
26939
28258
1484
29858
19411
21076
29957
6918
11450
8869
23867
16424
26696
8801
11547
12433
3888
31867
3224
14838
10151
4195
18227
31848
2505
27866
11130
23499
23352
27910
975
9609
28166
11201
3179
16008
1749
16695
2723
27993
20028
32432
26985
5298
29037
7338
32533
29214
13845
3883
24678
13555
1412
29781
25795
388
13070
20795
16327
13465
433
4339
21501
31516
11512
31213
8936
4629
31006
3458
32327
17113
3703
1488
24214
28541
9228
26054
728
17297
15749
20347
15764
23819
77
5316
4894
386
25584
13829
3351
13213
16840
17223
26423
15562
2008
21387
31050
32563
4856
1630
633
9198
29747
17326
14795
31091
9581
11740
18412
5716
29000
31250
3628
5160
4681
8919
24266
30408
19767
10465
2675
5055
2756
22058
26374
3579
13424
14150
13210
14793
22697
16115
32194
32000
23095
18418
27664
32635
11991
26901
4567
16333
28966
20378
12341
24625
18881
5047
2129
16320
29611
15222
8930
13287
24559
24515
12529
30231
15494
10179
27103
6590
25210
3688
2729
7799
28492
9795
23147
29309
3476
20377
22563
31078
12519
5304
30136
27406
18685
8331
1083
7889
12307
877
13676
5885
22671
14907
22144
24710
32227
11181
10273
6908
23731
4070
30647
15547
13882
30281
24038
26466
8938
23951
18007
24710
30802
4630
9404
679
17989
18044
31502
14946
12089
6765
5401
25577
8173
953
7483
7345
10831
19882
28265
23914
1948
8852
18290
28724
1481
21421
17288
5904
25634
21279
15356
30356
25393
5212
30537
6372
3041
18098
18772
7389
29155
7711
2290
26003
30033
7782
32427
24062
18321
7266
12478
9456
14205
27035
12388
13642
2240
24087
19545
24176
23171
13427
19609
8442
24906
27698
7015
17325
30744
9812
32660
13481
19674
12330
19454
2787
11266
12394
10327
15318
12147
10879
22312
22902
21661
19490
7445
27750
15849
14638
11618
15978
9047
18864
16310
10527
13925
28222
13087
15594
32052
11915
25175
21550
26854
30264
3398
26306
11082
9196
31687
12706
4027
3750
15791
1764
23365
30034
11276
23022
30730
3227
4010
23527
28644
7937
4316
15467
31308
29483
21624
25219
8571
27774
27172
12756
17102
6638
28624
12310
28271
10004
3716
7880
27186
25473
13404
23842
23485
21587
12241
9804
24044
1030
4153
32717
1396
1164
28561
27718
6342
22431
2427
13920
32566
12630
17283
26627
11100
18678
2726
16841
1210
11275
10773
18098
5280
18360
32566
12313
31309
7244
12012
24038
27223
20245
16408
5894
15693
3705
16224
11800
20890
31810
20527
24169
17580
4666
20220
29987
18262
13560
26832
6849
4467
26873
19458
20678
14541
24051
22085
30639
28477
17509
25574
28966
27667
8563
9294
12920
1207
5361
6094
23369
14481
17854
6812
9351
13351
26707
8472
15260
3973
5019
2388
24040
19426
22534
9684
18542
21632
19673
26002
20429
1748
1992
15685
13427
1511
12998
13795
1805
23804
13340
17509
12609
13683
7352
20170
30368
9197
20680
606
470
20657
7816
24380
21028
32591
14168
7442
7441
14723
16146
19748
30812
8539
26010
23956
24628
11932
16055
25056
28075
23395
19489
17580
20841
1032
28123
18114
26269
32327
11458
28503
29242
11170
4967
20880
25183
2817
2330
19268
8726
3484
25415
8452
21826
13082
8454
7000
4307
12538
1261
2380
25404
10547
296
19499
16679
13335
10700
20619
10855
16765
8553
6281
6958
5407
13279
15190
7552
25153
4978
32243
3815
19092
27680
26936
28265
17497
16689
283
18103
11209
18705
303
2215
949
15195
17003
27108
10602
17718
11821
7140
32727
6116
25214
28443
22002
17816
27544
13935
3159
24712
13990
32491
15922
4164
8650
28599
29024
4422
19812
26184
4561
21194
4754
8916
15409
9952
17139
6409
7111
14527
5553
14590
24477
15708
26046
17514
2785
4667
9565
1044
9355
16005
10981
29066
2624
2652
15041
10518
27254
8299
29372
14318
10714
28097
31356
6827
14318
13279
7499
32764
5879
271
12574
9116
6934
760
28367
21889
9397
26480
8110
343
23076
16273
17464
18988
9348
6415
6182
3693
29669
16840
6058
26641
3755
27037
27125
32020
28726
5761
21756
13351
31426
7887
7804
8614
139
7649
32315
16586
26677
5854
1426
19744
28780
14803
8232
20537
22216
32518
4608
14243
26099
3207
5814
1817
12045
6663
1541
31479
29263
18157
8589
12017
31471
5799
28627
7427
29252
1854
18570
2219
28203
30254
30225
10839
16041
18292
4156
12057
16082
744
29783
24738
11497
23501
32360
2414
19912
22183
26549
26940
24450
332
28294
19905
8008
28990
11052
9117
26249
31800
13890
5006
9053
24327
1075
32740
12324
18075
6653
30261
20074
28510
32564
26961
18703
20165
4425
18296
420
31524
7180
16587
27927
17862
23408
20993
17299
15165
19086
26459
26530
32247
25581
11226
18581
12050
14081
22703
17445
22897
30449
6387
19290
4880
26270
21912
20140
18580
17888
32160
13673
26407
9234
7820
25686
22658
15314
24856
6041
1355
15362
15909
5078
20898
8722
32759
29337
18423
2434
25504
3572
26142
5282
28348
20329
16549
21149
19807
26121
28773
18101
19532
10206
32343
29904
17256
8839
16809
5940
1134
7970
25617
24975
8675
7535
98
30010
8781
2609
3933
27326
29600
13528
5833
5272
13049
18526
20166
24377
7310
19311
12638
29265
14309
27596
10333
30541
5189
6385
19810
10526
10603
12790
28727
4413
12413
19123
22366
5612
2372
19495
28396
15806
32661
29723
22939
19545
1296
30722
6170
7291
13070
20260
15015
23355
10452
26619
20704
2194
6669
19677
3030
24857
8567
31708
18020
5396
11228
30187
26559
28848
3908
18754
21581
22921
8809
6915
24763
17775
26731
29725
31562
3690
9413
21872
32617
18427
27520
22323
26505
31141
422
22419
20781
25260
8698
31901
1856
11037
31206
3422
1708
9742
29365
26185
12584
2343
6914
3289
8785
15714
17520
9847
23293
11534
10652
22173
14028
13082
12368
18492
24576
3984
7162
26203
13710
1376
17500
2049
22388
1375
9348
4950
19790
2703
22015
23557
31524
2977
19530
16612
22663
9656
25737
19671
7644
25712
7547
24306
23543
19231
2990
7645
12780
859
24047
14973
5409
21692
1541
17872
24488
18914
22943
7705
6348
9914
16266
14142
11242
5118
15655
17006
387
9211
30749
30982
11918
5271
75
3766
11795
29330
30209
3808
22773
524
24687
10560
4112
4168
18525
12754
19587
4783
27421
22512
2639
14104
6590
22715
16674
18758
6275
12477
24429
4530
4755
4301
31676
4491
30194
6706
12359
16380
19376
9739
21700
11437
24673
7150
2688
11148
20685
7119
20142
28109
20200
32547
1791
11311
13060
30022
15475
18050
11589
16154
30830
31846
11093
19954
30734
9045
18010
18862
10684
32228
19749
16935
10497
6213
16044
4045
11419
19985
18619
10126
6865
23876
7910
26106
14339
10890
15810
5541
9093
6841
28245
13517
5806
9630
7626
15933
6699
1532
23913
31089
9625
10962
7879
5627
23892
19933
58
5670
25225
21342
15760
19672
27027
22301
6401
29373
2692
2734
20577
5793
1
18675
29339
27934
18516
738
10586
17272
23740
27016
19209
6597
29447
31054
18686
10321
32099
19068
19954
21568
23666
19195
8373
22389
30620
17759
7967
8115
12201
22821
25930
10498
24463
18488
29950
22357
24456
15802
29037
4969
15976
29186
17185
12016
9518
20449
14386
21487
6361
32554
29884
869
3709
30833
18320
26413
1429
1554
14122
31525
7323
22134
23268
20880
21462
913
21609
30393
29300
13231
32107
14298
16856
14193
7577
20795
4917
18706
15563
18334
17244
20719
25984
28891
12498
21319
27531
28616
22566
27455
2825
10075
2689
30505
29590
26899
29311
23045
5057
25235
23357
30280
14525
3729
28084
17885
22105
11502
22597
13162
2865
1574
5268
6356
13606
32235
16282
1797
10765
14605
14326
15085
26788
23197
30340
25542
21962
7250
21809
7837
23023
17963
14350
19214
29385
18774
19619
7503
3400
593
21381
4464
15309
26191
10283
9184
7319
8157
31485
29492
1149
24261
29102
12068
16867
24371
8652
30934
3047
27670
6549
6240
29147
24777
27405
11144
24312
28147
27981
12749
1616
9644
10270
6572
19205
4833
7622
13084
30905
24569
26402
11099
24645
20664
22005
30188
11438
4964
4480
18145
1109
11559
24915
598
19053
1461
6754
17726
5298
22062
25179
27490
10584
32582
15671
13990
6466
2723
6416
31630
19061
23431
19506
30466
1740
21166
14708
12622
25325
27002
3785
4717
4475
2125
21010
2951
30350
7222
12342
31160
3936
12241
17013
9747
585
2920
15865
1767
27373
8286
16814
9792
14004
17358
13908
20913
9594
31855
29907
30545
17032
26555
9934
21508
27075
31312
5498
22268
11556
8086
23217
24191
11880
31906
10306
12778
16649
23130
6540
23798
26732
31450
17227
20538
1628
24087
30129
27377
19895
14786
25785
20990
19815
10352
10936
14381
10132
21495
22836
31676
18712
7963
3066
15642
13620
4714
12907
21230
14721
4196
791
16219
7721
5343
19853
2690
9814
938
7792
9801
29931
19057
27086
16219
10611
23008
12206
8049
18774
14859
20200
1231
18771
15886
31290
4881
19242
6896
919
16679
25497
26062
29122
26783
31882
15669
5148
23074
10123
8655
2235
6978
29822
16962
26811
12659
8338
15957
3801
7766
12658
9557
11325
28990
20668
13239
8088
4589
31668
5118
17007
10398
23354
9951
8375
18249
22521
5795
20129
14370
16098
14798
20663
5474
2521
2302
18984
3659
8365
11285
25952
32102
9806
25242
10972
13328
9786
19293
14909
7988
13881
20314
6555
10586
24650
13280
3867
32225
26845
6131
14532
4488
17730
24814
22158
5172
22114
23149
31420
12269
15277
3433
5228
14633
21075
4773
2157
13389
13495
25673
19536
21617
20001
29389
14274
22371
22194
281
25
25327
19358
3051
4652
18270
14229
16504
15976
19261
24450
18006
27424
25696
10104
24729
16677
550
17385
10813
1687
19709
2842
29124
7162
32553
31443
30751
20364
15042
18011
5842
31446
252
164
4436
7810
11948
14018
5556
28780
8711
3745
12418
4092
28076
15864
14317
21682
15589
28025
29225
27394
19753
23627
31508
13155
8422
22457
11544
6051
20350
23340
4435
19069
5775
27734
6901
9581
4216
1969
12778
6339
13337
12584
20666
25079
474
32019
14765
31804
494
9577
1842
32599
30681
32561
7041
24754
28463
25658
13184
19116
1439
25868
8419
32308
5681
22302
28568
29334
10700
4938
31330
10132
20731
30845
12996
23993
19184
1715
8224
10474
7626
9763
23072
4414
1043
28342
597
13840
21389
958
286
10066
16686
22501
2508
26915
9833
28003
10755
21924
11183
26229
26723
20744
31798
31242
13928
1003
26361
8383
14735
4069
4352
3597
12219
29278
7393
18881
29398
2468
27527
32173
24507
28730
23090
19358
9300
8820
8639
16270
14591
8768
15146
12826
2359
3399
27985
12086
3952
22837
26618
13599
26690
10836
4120
24465
8394
30816
24906
21307
17486
30103
2213
32112
27935
27663
7347
31775
23748
1356
5819
16901
24404
12306
28995
19233
32292
6264
4052
30056
17826
26174
21501
20923
8833
13664
922
278
6679
31979
25687
29194
25091
22544
12399
4717
6930
25975
18618
18768
13156
12502
18406
19761
13258
23233
23300
10866
31859
29380
839
3594
13512
14255
9481
10363
29332
12849
2063
15620
23656
23976
11534
12567
19262
21304
7278
12301
12124
11034
4685
14105
15483
2103
11207
7546
8489
502
31093
27893
19820
24658
6963
7811
3240
24111
18727
3911
30402
26094
28159
16834
31878
31807
13945
16202
4934
19766
14889
11704
17348
4002
8567
28002
8275
12954
27879
21321
26168
2392
16797
21395
20054
26955
24352
12347
20747
28263
8798
7
24917
22976
14832
8634
25401
15959
28576
28555
24933
28723
11048
18135
17940
27060
4669
14355
6962
6949
27084
29444
5568
22672
7300
17202
28795
22998
2708
12442
22968
254
1718
6307
30867
23246
9324
21331
19784
3480
15241
14531
28897
10839
17652
6864
30738
5115
29865
1812
32097
28928
13568
25877
5769
23365
26418
17595
14625
16924
3353
28936
21113
12957
16439
6915
5829
31297
6650
12533
19325
22444
28990
13784
4355
11721
4372
11533
28551
27932
19650
28237
11048
10068
5387
30178
9051
288
29360
1303
16785
30276
2614
9965
15124
9196
3306
27919
10802
3392
15139
30984
17054
3640
23495
9652
9491
28850
19728
25844
5690
22466
4752
9638
7374
30025
1139
21973
19198
15817
1029
21804
14099
3703
22900
27569
26450
31122
7894
6320
13604
11508
23661
19956
27508
9959
14890
27453
9305
11577
27249
3567
10741
14995
12828
2312
24221
22022
12738
6484
28729
2279
21561
10724
23278
26333
1625
15548
32507
23608
7171
19404
19937
13956
1634
13858
21191
7006
16241
3421
6684
24967
3774
22373
15486
55
2925
6233
4315
2228
32639
14537
18902
24098
4181
7206
620
8093
20591
31606
32215
30853
7802
22604
7858
19225
30090
7160
22879
26952
4772
14075
9638
20419
4991
21694
13214
5975
29323
30595
26577
4218
1075
4251
25243
15652
22879
26841
5843
7392
11070
27976
13229
32546
13378
13337
26079
20443
6764
19935
13315
4683
20169
14079
31293
32278
1597
32097
18717
29339
12159
28268
11207
13441
2661
24882
6481
10642
17506
28903
5484
1741
15949
15256
17479
9398
24419
31001
30128
28145
6544
32320
27517
7183
746
80
24362
13992
10366
11448
2755
2218
32336
26878
14596
32752
4253
20214
8384
11031
23139
14647
3967
18829
25892
29647
10091
8682
5606
25910
13421
4740
19326
17281
23699
4157
12814
10712
12213
1952
28621
8746
23128
21549
3846
30495
32722
16880
18788
25167
32687
19801
6252
27313
10836
5447
12107
1878
10466
13158
16850
23127
7261
28347
15551
6156
14350
31869
21310
28286
23333
17191
1455
287
28067
21451
1450
19641
1143
3497
6976
1957
4327
8192
28548
21053
7986
24100
24651
19347
26740
6609
16687
24164
15305
30655
11738
23111
693
29302
20865
11562
25796
32612
18350
20735
20077
2605
31299
16819
24380
14914
8380
3936
817
14005
17588
24771
15203
23628
28586
31216
23016
6612
26118
6980
13561
26295
4951
19612
5458
2001
3039
26820
25560
5760
18257
32051
23166
32250
30937
20981
15465
25316
10333
11752
22867
10528
28931
11051
24621
3046
2291
12244
17672
31766
30302
24289
15925
14540
5567
5490
7339
22069
21856
18485
938
9890
18976
21793
17310
14811
373
7527
23622
26294
13485
31653
27157
4840
16761
27229
729
11546
2987
28327
17818
3392
11327
6946
8645
12070
4504
16176
6538
31563
29965
5731
898
4595
18852
3122
3989
19576
2077
26609
4891
26849
31795
29952
24641
5045
30494
31554
11438
17426
2908
7120
19303
7673
13745
26095
15856
20204
5997
14400
24757
6331
9709
16951
13992
32411
29540
14798
6186
18552
29916
6523
18735
20620
26999
31327
15005
20273
18171
24256
31478
6387
20365
185
6711
746
13501
31024
1280
24903
27587
21257
6900
21548
5896
24217
1123
22209
10473
22878
2855
17540
9143
15853
31435
18656
6914
20523
19443
27906
23063
14784
7927
14312
21447
19145
18898
5306
16234
13005
32059
29534
1828
17907
17681
22343
27495
8818
26620
18573
32697
19016
27218
23363
25784
1327
14391
16645
25435
7885
15113
6352
19834
21803
24059
28950
18321
2920
17919
12306
24513
5295
16618
22106
5655
11110
12242
20403
14865
26792
28859
17960
16734
20470
2931
11102
31718
17193
9659
27682
18698
29355
679
580
12845
7655
4424
22696
3699
14334
20104
13722
5064
17596
32340
8034
31013
458
1
28440
3598
12325
16872
1466
27488
4558
6228
22396
8521
28612
31647
16735
1688
15407
29079
23813
3383
9438
9766
18116
16373
10739
30515
2553
19849
3293
30659
10143
17620
11143
11876
27424
26215
7119
4811
362
12101
6970
3772
1606
234
9958
1578
31717
2700
20416
10912
24764
22432
7926
7647
22419
10144
7856
10185
5592
29452
23291
893
3128
16815
28421
1988
32113
13859
29328
11948
30561
29335
23457
16498
25187
15056
10360
9637
6876
30574
26053
9353
18705
32369
25881
3514
27452
17659
14235
7185
17886
24151
16636
3019
11862
27707
30381
11496
25523
25674
8015
29906
27079
20189
9835
21311
6780
25347
22627
20056
24940
9159
6824
10779
21931
25265
29742
7934
9703
19343
31261
25557
2740
23924
29898
3829
13089
29954
20709
4762
24463
19429
12532
22662
7875
4512
13055
16619
24889
396
16013
2187
22203
6685
28368
23070
18995
22888
27933
3828
28606
8930
20383
25307
22785
12907
20555
8003
960
16523
28694
416
13996
15355
23142
24848
8317
15463
7367
22334
27969
4722
1760
28806
17908
6395
18085
10074
28240
11166
5326
12004
29926
26238
1415
20716
10606
4930
20841
25341
19804
26462
10921
5827
12980
30612
29327
10680
15646
1210
25386
14336
31037
1469
323
13968
15933
4838
27279
22678
3499
5724
21544
25621
9610
26091
19774
14800
30883
10755
6666
5226
284
13828
15108
17099
8524
13752
29782
25030
1742
21537
27024
22776
17364
16246
8605
7923
4798
11880
1782
2204
30700
19113
14357
10193
13776
9391
15405
32079
18247
5302
28696
467
21545
11524
16273
19072
21534
8560
32419
19585
21428
18469
30561
1007
4015
6052
32728
501
23201
17928
11330
9778
186
28046
29053
1886
7648
23124
19387
20273
6658
25953
15738
3456
16298
230
15031
18090
8402
22979
21598
16690
15865
12877
14342
22189
9078
23119
22491
19423
28939
26703
20187
29729
32701
6162
21830
9221
6627
29282
22863
14141
31102
8718
4120
11705
200
6707
4829
9232
24848
29114
23664
11041
9156
6178
15077
17146
18896
18303
2446
31993
29990
22467
18218
2352
20638
22333
23641
13070
10753
3167
9811
4412
29280
17604
6618
27846
6315
5490
4717
9083
29311
28764
8639
2454
10046
13099
29543
3742
20837
4925
6361
10634
18970
2798
20885
20521
21253
11287
9118
32193
4705
31701
22574
3319
5459
15244
12456
26862
19578
17195
26574
22963
14023
20657
21300
28633
11919
28912
14580
21344
3294
26000
11684
31196
5903
11352
3717
2002
27289
2985
27645
24934
23340
18507
30792
11827
30461
26733
20074
21627
9566
10214
9576
12160
5009
449
17335
1329
25566
29433
18165
32521
21219
23169
5079
10805
18220
6791
611
17141
32515
24314
6751
20292
20617
11594
29705
19643
12294
8559
4360
30131
28798
31788
16803
25002
29317
26261
27185
1256
13651
3791
15568
21345
32283
535
15194
2782
2457
26629
5525
26712
31723
786
14250
19620
673
6745
7385
5206
23831
12442
14954
9951
16131
11396
5863
248
16714
22068
24968
15940
21784
19961
7663
26160
27951
24666
14357
31
20863
23386
5253
12996
20727
18682
28872
29390
17820
13056
10272
1227
7896
21495
12409
22086
26132
22903
25500
29235
29065
7078
26790
5262
14674
28159
20920
8510
710
27986
16881
575
22022
28428
12185
12544
29138
30137
5791
28426
12705
20167
12102
29155
6640
15757
32027
1586
32474
22412
18986
28195
30953
30196
25201
32525
7212
24682
9109
16979
9609
5384
13524
7560
4693
20901
31547
17878
22050
16983
7705
672
8920
31031
12211
870
30472
4964
20025
19689
26236
12107
20729
400
20755
6181
21971
2315
31692
19136
17133
23350
16416
14211
4264
29248
17813
26029
28626
10252
31120
23517
8221
727
14698
29143
2767
13596
25287
28549
30140
21684
15907
7484
25201
3394
30638
10561
28083
20942
6746
1676
17192
20912
16690
10443
31059
13488
29421
16810
27078
25195
23491
25426
22930
22777
22911
11311
1539
22220
3542
24567
27018
23515
27383
4584
19707
17920
28259
17489
30968
3231
32255
8531
7085
24457
7015
12521
14015
11552
24966
12326
10622
21435
100
28094
11106
588
11070
20424
19125
3136
11484
26306
17293
13478
5663
12758
17149
13460
15066
30811
27276
198
28898
23711
10214
4745
17769
3044
13522
14295
7303
12200
21348
11972
28442
1066
6772
4121
6864
14377
26191
19774
30850
31215
16811
17757
11460
21902
23265
13764
26298
18538
22870
2443
301
11767
10042
19575
14813
27076
886
17695
29465
29369
28639
31309
13198
9117
20400
10151
22621
29914
18999
25999
11632
901
17870
2119
24589
2457
3853
31321
32683
11139
62
5686
261
16100
15633
17181
30574
28306
22162
22846
30820
24544
27479
4384
23911
15647
6142
576
22540
18788
19415
29947
3149
24972
21981
2989
9507
3710
15851
1819
5975
3248
15916
10766
1684
27885
28884
65
194
12885
1549
3197
911
4517
5684
8707
78
13752
25670
27946
20997
11598
9365
28489
22977
26125
7104
29143
13613
22725
10721
13521
17251
19192
5640
23644
27650
18842
11753
25004
23681
16661
3537
2852
12227
22160
9439
12223
13291
26225
18800
18862
17009
19488
29147
7235
24182
22286
25951
28941
3412
4343
31065
12357
7546
14692
11962
22632
20343
6771
17337
6438
5460
6874
3525
5499
23591
12586
12222
4380
5093
7249
100
3348
27000
1379
13584
6063
26385
28314
9378
21399
28352
5019
14010
31293
17218
7930
21291
23930
4890
22785
26028
11383
14819
13229
18897
32714
11236
22522
13114
28897
16357
6240
26123
16548
19265
27806
21403
20822
17469
23222
28529
30652
24216
28985
20588
26498
22115
14020
29249
16090
23827
13003
11051
30054
23765
29589
10717
12888
1569
13704
4028
19928
23442
4007
31563
422
12277
18777
5862
3328
19104
15724
32692
20422
9733
28249
6359
8412
31878
12234
7909
25552
6027
2393
3996
8636
5330
13979
14801
10606
5639
26717
2474
31431
3733
11053
25869
353
9147
5917
11352
25204
21218
11459
13139
25083
21038
900
18019
8978
24403
11539
4096
18339
28842
29236
29288
13121
31876
19654
10645
30036
19134
17152
18797
7799
1173
2043
27706
1310
30396
1392
9561
15740
14764
12996
3126
18596
13372
23873
29560
16110
11377
17831
8312
31132
23191
14051
5880
32701
12944
31262
19730
14930
22381
19449
23406
13232
27963
14103
32184
26149
15647
30685
30545
24030
24486
19829
12357
12808
24918
23577
7806
6454
5513
1166
20279
7427
2939
21742
9395
12536
22945
30379
7214
12464
13116
15825
12308
2361
31791
15755
10865
4542
20237
1513
31656
22371
10615
28384
26985
24689
12965
5267
10717
10931
20546
26832
16163
26912
32125
32222
9984
17593
6237
28278
13010
9397
6484
1807
7110
16860
26904
5215
10059
2353
18606
31518
28615
4563
32711
32013
9608
10789
17744
20279
23549
16429
5701
25974
14118
10554
28358
5946
3401
3274
6508
390
20711
30378
2269
19003
22254
21599
28574
10393
19760
25029
2601
22275
29972
18678
20288
20994
30347
31085
31360
2189
24390
31340
9529
24968
8743
15514
24957
14986
10997
12017
2935
17379
23123
6871
17662
24030
32243
2955
20330
23363
6407
17603
14247
19744
4344
3220
2184
15305
4699
19601
30557
28958
16929
20023
16071
14348
3853
5769
7115
13655
14188
9463
8486
15766
22272
6532
21728
19583
4413
1576
19492
356
11192
28531
14671
17662
11484
16500
8263
31850
21214
13785
9486
28017
30452
1111
10391
14348
12482
15949
10200
2343
19989
15524
4384
27302
29396
3833
939
21670
30004
14078
11636
25605
18986
13085
15178
23076
5670
7263
3878
18923
13822
23437
12476
5646
21544
14741
11344
9359
24109
20270
21451
27525
28250
6079
5646
15131
32185
11133
24710
26843
29248
25812
16128
16429
23879
29961
11711
23578
32320
11293
20940
20054
23970
30708
2958
14206
5158
24247
6042
13470
4662
30838
12748
17910
31650
11282
28311
4862
27542
13146
16025
12199
13513
10868
20595
18148
29174
11903
17623
20073
31376
20342
26851
10162
4018
22871
27309
21064
21845
14469
15391
4928
27589
32107
6149
13828
15702
17251
23908
19030
21586
32470
13581
913
19767
30372
13683
7474
14623
27846
30906
26776
1152
14898
22800
26632
13845
25086
18240
6900
6684
24521
28548
24445
11714
13655
8347
3382
24284
31611
10524
11563
29655
31290
7946
29474
12274
3117
17832
23584
1962
20775
1423
5679
31094
29720
11005
5471
24245
2097
24176
31243
18661
16713
2932
11357
16149
2944
10681
20756
28573
17954
7272
31621
10764
9678
7095
16608
13666
471
23740
4277
22144
4330
27518
30391
6876
22769
27474
10687
15225
22072
12645
3092
11287
7630
28053
233
10919
32559
21893
15143
25345
26911
1520
26989
31449
5593
3645
25429
6639
17001
23124
15354
17031
30039
28337
23991
3609
6277
10934
4913
8777
27226
1350
8599
29209
2592
30607
22568
8030
9131
2599
14582
4209
32316
14427
7914
3622
29349
7620
1289
32258
3245
8731
21237
3240
23477
5965
21175
23701
13980
32210
13243
3341
30433
25403
16156
11605
28423
3851
8483
28707
8254
29128
27658
13139
29503
2642
14341
12251
30840
13683
1155
26113
29545
7094
16048
6604
13646
12669
4415
29624
2814
32078
24936
6573
16915
6254
7468
21554
2379
7601
16096
5087
12334
31376
10729
27408
2545
22140
17605
20449
30619
1138
29771
14934
23910
13008
23603
29401
1896
19815
2264
9450
16754
17873
26173
2578
9785
13828
10318
16664
27059
4392
2153
9592
8900
22182
31773
15121
22554
31618
18738
542
21590
32234
6889
18279
1388
22287
31876
17593
27468
16179
23817
9619
22978
30723
68
17442
4506
4392
267
12911
29961
23321
18630
25560
23368
31795
8238
2749
18306
23563
15700
32379
1776
22787
29413
15774
31299
31771
25773
24658
3650
7946
25947
3867
10164
14478
24964
20934
1664
17152
31722
19104
25619
28971
16125
12773
20738
9566
1954
9595
5616
24256
3380
8416
7091
4324
10952
12642
7858
6557
19894
14990
12689
18708
11605
24298
21265
12311
12293
24807
6961
10420
8563
4113
17306
19719
7704
5769
3897
20560
22531
15029
21806
28232
6361
26934
13029
25782
9498
6938
10626
11069
25765
27731
10883
23928
29823
30312
22432
2889
1488
17259
31222
25453
11822
27947
29797
27732
3358
15530
13623
16176
27352
24018
27394
31053
13387
31587
207
22432
30817
22320
9595
12450
19076
12939
25182
16479
11873
6910
1323
31433
28908
28476
24855
22611
4772
12374
11070
20667
10008
29490
30274
30759
19882
1594
4405
29300
10131
8017
19897
12491
28455
9739
29029
11637
5210
28189
22123
6640
644
30226
32632
13122
29537
32320
8924
12429
29532
3067
28907
32740
31501
11528
6563
17757
16896
3924
21903
20583
11960
16614
30186
31582
2035
11283
16392
10589
19248
9201
6130
22100
19567
5390
15953
27994
824
11873
9613
22852
10462
5760
8757
886
3077
276
31394
13561
15714
14474
6615
3534
31170
28684
27052
1666
30030
29104
6188
12291
27661
31983
19515
9650
7082
26968
3452
26041
2680
24965
25457
927
16307
19023
28644
26906
20745
10814
2182
6436
26968
9539
5079
10576
11450
24746
11589
25951
7615
25418
21656
20750
26617
17919
11405
31795
13246
18522
3265
23816
26409
7574
27345
9415
30818
1486
24256
17015
13599
1902
18073
2053
9067
23784
19797
9622
24487
27304
22782
28444
7118
20809
9237
8231
9213
28681
1586
4607
3122
27514
12266
6127
27475
3195
24053
30179
18291
2919
18320
9526
5970
7052
19489
23493
32034
19167
9242
2376
7825
2541
6431
16098
15875
28693
2411
13558
31007
4085
14960
25405
20622
28706
16061
24341
23807
31772
29477
29724
21871
385
22302
11006
19111
3456
17511
12939
15366
16017
18926
24333
27008
24163
11760
13272
1767
22550
23394
11042
13417
24235
16016
12309
24667
22457
21764
32547
30261
24161
29865
24730
32477
29315
3632
29048
5672
10290
28339
28288
22942
27494
17560
13709
13437
11249
27577
28967
11521
1461
17601
8788
5859
14611
7129
31920
20255
1959
25221
18624
25851
18738
16584
16516
21573
19671
16783
6731
13532
23179
7757
13771
882
26823
28130
8049
26511
23167
15041
24054
6873
22872
17490
15923
21908
8214
28565
4406
25701
18771
11017
4245
19291
30327
18892
23810
6703
25316
6659
19232
21963
14193
14972
29334
6922
12826
29586
13153
24255
30198
5969
9582
28408
5993
11483
9832
6532
14490
27402
31183
7090
18983
18007
12106
16220
17432
5627
17214
18724
27410
5204
11679
7166
30157
16009
21254
13807
9928
22385
3076
27156
11836
4529
14007
31717
26702
9509
1690
32699
19336
21378
1697
9360
7050
8249
390
19206
13309
16286
17501
3499
32713
329
28527
7804
28808
14780
18757
7592
2618
28487
18435
19862
22330
20009
17656
18472
22641
10232
3698
6466
17865
579
19415
25222
13028
30837
26609
27746
27663
29948
30090
18509
8049
1451
16953
26701
9864
20317
2939
20413
983
25820
2565
16717
26840
1281
18265
3658
22584
1052
29080
27424
14403
25749
8599
27933
27038
25300
18228
5495
13876
30815
12267
3473
11378
6722
23460
30842
15031
14004
5071
32182
7942
13815
30899
28994
32511
640
30979
15570
15373
23640
26547
28253
22496
31682
9225
4059
32030
18206
2039
11342
85
8205
4264
9727
27957
3030
30041
16906
29692
15113
8298
3356
19249
13410
16053
32124
22933
9967
22814
30280
15447
10101
11371
4098
32135
23825
13143
19019
3789
24859
5857
2797
23643
22095
30954
3615
3104
31535
19711
11269
15678
15267
13172
6007
23487
1507
2738
31235
23683
26262
10961
4405
30077
12348
32618
12565
9760
12745
29606
20466
9235
16530
25755
32606
44
6509
3545
30330
6044
23828
9279
4468
9575
11211
4884
27213
2072
9283
3923
28384
4018
18877
30021
6176
26601
5490
9301
9889
29330
14131
19745
2138
9817
18765
26061
19369
17842
31663
14492
17303
530
31311
16577
16734
24414
4809
18802
1832
27556
23881
831
22554
7945
27820
930
18833
30722
18914
25303
14763
10183
16023
27629
3850
25349
13074
4894
9684
10963
9053
9820
3582
8680
28582
27692
32459
16907
3045
9399
9103
1482
21183
8478
9657
23151
32682
25871
6160
28208
5203
1686
10045
11942
11581
16437
13194
2945
2474
26934
14313
20857
19134
18496
8760
12680
11746
29737
195
18518
18023
14091
10507
14837
31339
10138
15302
13774
18177
27828
10790
30427
3980
24378
8286
5143
31852
32287
31075
13619
11485
26814
8175
32651
16411
21361
204
20312
31179
10847
29263
4391
1430
22165
13603
20362
7703
22873
29255
18701
6903
12730
23130
8811
10838
16492
18967
2306
14701
7635
6172
22917
20594
5726
28655
7921
26044
16662
24130
32194
27688
25719
29302
24422
8379
7550
6495
29170
23433
32003
5447
20500
26581
3913
14133
25928
10105
468
15727
25167
1417
23418
31549
21982
31795
31421
11760
15763
12777
20056
8995
9004
29123
31768
5185
6651
798
27117
23367
12437
9354
23873
25803
10955
11747
9352
830
6107
7613
32537
1902
6375
5637
14140
16974
27557
3046
8836
21498
3417
12010
31839
27638
2560
19298
20203
24246
19406
11271
24075
13412
32475
16097
18619
5341
23834
360
21664
13565
30346
30698
6115
10524
18864
13356
30016
16600
16452
12116
7770
20501
25643
31494
4178
2371
24741
3534
16023
19680
9160
11966
24576
4669
13357
17496
4632
19844
3817
2734
18105
30458
8638
29895
12252
6018
13715
15685
7599
32355
23842
27205
744
1098
15345
18567
4953
32659
14723
8655
12485
19908
29903
12938
6643
5722
3057
8885
4096
10953
3104
1531
26105
10174
7648
10013
11946
15271
16760
8855
31920
13941
12199
5249
26838
18080
12947
23987
21150
1900
2818
17452
3869
17516
13772
29365
31244
5700
9617
7105
7453
15538
17575
17304
24971
22992
21334
30132
32757
29331
30280
26987
8812
22680
2363
22991
27851
24864
2553
5331
24390
3417
12170
1455
18246
2015
424
16005
12917
7042
1139
17732
6164
1866
19558
10189
11413
21432
3722
6996
4966
3407
233
11017
25355
2131
8006
14840
12143
4561
10251
23598
3708
12767
25987
19230
19177
25381
5961
31043
14675
25500
4097
2310
25488
662
23365
10977
32320
4095
32738
9925
23716
20706
12869
5305
22196
7470
2864
2245
21867
2747
5810
13838
31078
18824
20309
19778
4013
5447
22937
6710
18641
24603
5025
9422
26167
6816
19757
22814
20915
15660
15304
31438
21336
30292
32579
26563
22927
8882
19041
28155
1895
29158
980
14521
32044
23771
29544
6371
3899
20812
20351
11432
24340
13958
16061
10853
2737
12143
8708
21194
26135
15815
15011
20025
29482
10926
202
31086
3013
22630
15938
25957
29194
24923
16730
3704
15095
10336
15397
3785
18234
15932
9186
20447
15943
16485
9404
32660
16295
5387
32180
19502
16019
10328
22747
11212
15297
3831
29636
13060
20862
12755
11321
16074
17917
26401
17709
30099
6127
7328
30706
25531
14675
30495
9644
14116
27792
2881
15622
24097
30657
4989
10275
3474
8784
18280
22232
29264
12486
14391
14616
4555
21217
22143
15791
7665
14312
1344
10547
16466
15675
24098
22840
8322
27438
2814
18372
10687
13335
22688
25347
21460
10662
26316
3387
29501
7285
6526
22785
21644
23008
12150
21934
9996
31767
8692
13
31395
113
12737
11094
21757
6148
17774
30304
8678
26226
31968
8466
760
8965
7693
22043
17015
20479
16128
15586
28025
31787
20771
26560
22858
17080
29117
29294
6158
32071
9146
25785
8360
23619
22187
11645
11739
22897
24333
18896
6319
14536
17358
27774
12823
2946
1293
14774
24528
26995
16418
27394
140
21658
21726
28540
23376
31478
28691
23616
7707
19098
8023
16669
12232
3076
20998
13712
22837
30379
27526
12786
2469
29655
19151
2288
14947
949
27434
5436
13737
30891
568
28546
17599
31977
16183
16542
2407
5697
3969
1036
1657
7224
3157
20127
7115
21597
30170
28022
31059
10457
24417
28973
19856
11592
28907
31056
13093
26055
25067
21525
8648
1102
4429
17994
26202
4161
24246
3980
26199
11329
10510
32442
12913
28232
5692
10921
11384
32245
2096
8985
17533
27940
25383
11752
4407
32450
2346
25734
18342
20448
11992
17833
22005
5893
28006
3906
9637
28105
13796
29871
18664
22687
2498
1330
5963
243
7314
22178
32152
21877
17167
18528
1275
1204
21343
29325
21859
1518
23189
5498
14123
9254
19322
7520
22522
16248
2701
3666
22248
14506
31560
27759
23522
15107
29349
29788
15951
22624
13025
14322
32499
11140
21632
29491
6420
29872
16529
11651
28380
25715
8243
31509
21759
2244
25944
29347
414
4174
20681
11106
25194
22539
6507
22325
7692
30484
6336
19744
17605
15544
8368
6144
29777
21707
24202
23930
29458
1600
28486
12594
1642
16379
2317
10301
2153
26592
24059
16600
168
8240
7203
29274
17524
30485
11987
31079
25135
13435
9498
13415
23540
14882
24968
9270
30074
10737
30517
25885
6459
18062
22532
13314
6357
16939
14377
21467
19632
28579
19177
26473
22241
2501
15521
4898
3406
1263
3594
31599
20243
7904
13499
29463
18725
8391
9456
28155
28213
1951
10377
3077
9688
1727
10070
20571
30436
6317
17553
22744
12573
4660
30124
10684
23057
27574
30286
24994
24896
13507
15768
27059
24448
26089
22700
30234
26016
1230
20080
27319
7756
20093
28815
30744
18224
23550
15809
1189
17761
29993
14669
13850
22776
1467
23500
12091
13312
26794
303
21955
30866
32182
30723
13469
25150
15681
5620
20054
7853
15968
30096
29651
6533
25394
16718
29503
16269
8049
12239
13128
32018
3398
5475
3723
31625
17506
11983
844
25205
10058
2382
2923
8075
6898
11221
12435
31252
23694
26011
12469
30100
27045
26073
18101
18345
11879
206
27491
25909
28224
17927
8876
27327
6829
19421
10514
25623
3151
21567
5465
14137
21054
11954
17027
13940
2975
31637
5631
7628
32633
13482
30238
32668
26308
7890
1222
25728
7363
2328
29290
8817
10644
31985
32057
12082
23302
17346
28822
29164
24490
26019
14537
22549
6189
1379
24308
12693
4836
15820
328
6188
26025
25640
7032
26126
23014
21508
13166
32721
7919
10291
15934
30089
30357
1302
20824
16178
4088
22555
29697
6222
1180
12420
9476
16078
11199
5482
26788
6454
14314
32001
29398
2045
21191
18717
16813
26162
11058
27893
15382
32102
10642
8231
10437
28869
15978
17149
4463
25478
32555
22511
26170
24198
1357
13929
30066
14639
17309
23246
2941
2463
17881
30652
20241
24582
3706
11410
11684
20816
1745
1327
27684
5381
13653
9981
12265
14957
11836
20271
5096
14583
29256
1606
7721
24539
12260
11482
10619
26879
6767
17815
5990
13080
19416
8326
24161
26385
25707
19341
18501
3248
23786
27706
29954
21111
16096
26300
30096
3272
14130
30258
4905
12365
14071
6697
5814
19351
5769
32095
9351
17413
28380
14797
70
23016
7439
7653
19758
14308
9281
22297
7800
4506
24998
9628
27670
5507
18138
32108
16292
13855
3701
14480
11676
3664
7903
16030
28361
25856
3942
17793
11774
5130
909
3961
24071
22104
20647
19043
11232
16713
8613
29755
24869
27989
3373
26847
19146
4595
20972
32022
30732
6330
11564
19152
26023
27591
32681
4784
26954
864
13472
22215
29000
30422
7978
4771
27792
5296
16840
13448
28383
17925
13375
15357
25908
16682
7078
8586
28293
20366
26813
27585
11440
10977
20608
5499
8628
13692
13052
10596
27937
4605
25698
14010
32205
24113
3162
849
3017
5432
3993
7899
28307
23779
14262
15206
9101
16993
3385
28454
6318
10779
6134
17269
3960
30428
31129
13592
11306
11317
5761
2500
1334
4128
16594
7904
18165
4067
6597
5517
16282
27703
7491
32740
26469
28842
2995
29566
14617
14914
9744
9530
28335
20835
28734
29242
30284
6898
28062
31279
13169
25787
3040
11991
24689
4368
12312
31940
9257
9651
6676
29022
12267
16887
4589
555
31163
16417
5085
22862
26302
1556
28240
19278
31215
18734
1598
23065
23316
18797
13751
26953
18929
18390
30912
1957
20923
15383
23645
29163
20687
3435
25583
13005
10404
21182
22720
1081
10750
24082
14301
21981
4453
5921
12836
7403
10198
26947
29341
20761
23480
18579
7950
15085
26129
4685
18121
30519
20474
19579
13257
21471
27729
2257
20989
27104
6573
28373
8420
6293
24727
12611
25434
17972
16887
29359
434
2456
18892
23916
20996
8515
14880
29357
15048
23459
25148
21738
25508
21652
30232
4485
26755
11303
31253
11694
17127
6817
5870
31364
23936
1479
27116
29820
1533
31577
9562
12807
12578
13533
5433
9583
17691
2205
23605
13826
24080
27635
31959
29811
16633
27332
763
28285
28852
14411
24965
26057
6484
15640
22608
28178
17853
18008
30311
13959
4974
14934
3192
625
22685
30274
9093
5397
28809
14642
19421
5340
8716
16486
22603
10673
21615
30928
22925
23211
1667
27091
28167
28396
15341
15692
14777
21961
21698
2255
6767
23083
852
15411
27703
9524
21579
22864
29208
21542
31991
22791
14081
9601
25572
24963
31488
364
6063
12735
180
24918
10265
26184
20229
23261
5466
31557
15122
20975
18872
12212
20075
5679
20823
11766
23937
28570
17491
7566
25179
24170
5900
550
28554
4666
17601
3026
20318
23660
2145
15513
9050
8648
6045
1842
6118
3941
5186
19211
68
5837
10182
20880
28357
30044
32032
12457
7485
19177
3293
13956
14772
937
28529
17046
27486
6479
10699
12252
9166
28536
10284
13415
4198
20295
23352
23063
16402
17996
11086
29863
20790
27819
13845
14569
15332
22138
2647
22867
3155
13418
22035
19387
8588
26538
15053
7263
17511
3336
15401
29224
10934
17242
31928
10288
15040
12572
15634
8321
8945
3418
20773
13344
6607
12241
32716
25674
23088
27729
164
12541
12202
15717
3099
14522
10060
566
12745
1418
14475
21421
26884
11071
31359
13528
4014
6908
14672
8847
19282
20471
32747
18007
111
14718
27129
20614
21524
1592
21009
15784
27565
13486
12332
2850
24349
3337
15450
7957
4365
26653
10676
26501
24963
26535
3474
29883
28342
979
18174
4839
22561
4610
31336
9994
14294
10441
30107
21267
17941
1341
4079
9544
23325
21870
23232
22248
17218
3121
13856
24079
6464
8739
7625
22233
6863
26602
16981
1994
11127
19902
17074
1390
31142
17449
6608
14652
31232
6666
5276
20416
11510
31712
25650
20986
25242
30789
8270
28161
28849
11705
19972
13035
3850
1441
16050
17393
19983
8335
23346
18127
23450
22468
12116
4458
2570
30708
18827
23221
19861
6473
17126
29397
9184
14506
834
18052
6604
30268
5567
12723
25491
7465
8560
25971
15125
22689
23127
25877
30828
14879
32400
24208
6342
29934
13260
25124
10100
29419
22785
15677
15678
9868
8288
31898
2554
15905
1416
22958
7261
7258
29689
5959
23568
14858
12747
4461
27142
21802
25248
1165
23310
4385
14039
20439
164
27715
6914
14052
13325
11927
31642
26268
22435
13789
28914
16727
621
17103
26474
13890
2546
11176
6117
10245
24143
6115
25725
9890
27784
10565
28021
160
31516
13853
29294
28522
13532
30923
21470
25330
22012
22655
18623
12441
12139
12099
7300
10579
29792
12604
2385
23302
1590
22828
619
308
12921
32316
750
26842
5953
30457
13502
19352
8638
28060
959
26129
23317
18830
29001
19861
30570
21035
15318
18686
23358
28359
12030
12503
2812
10222
12198
6852
14542
19952
22644
21533
25781
26781
14982
28637
17113
21582
5731
27579
23582
12325
8497
12438
7415
405
10793
29206
18047
12580
13385
12689
30150
17519
22600
26667
13672
31087
719
7234
19813
9980
25318
26121
17708
1679
7341
10098
19449
19276
5196
31570
31585
10816
25900
8128
10284
14311
22888
24509
13666
16113
30078
16411
7592
29765
27723
29591
9933
11335
3894
23113
29601
30038
3755
4158
26630
15257
7883
20323
4937
23036
21601
10404
5298
15477
19992
22614
11865
30604
32236
